147636
147030
146937
146836
146735
146634
146533
146432
146331
146129
145834
145632
145531
145127
144933
144832
144731
144428
144226
144125
143830
143527
143426
143325
143224
142828
142424
141826
141422
141119
140925
140824
140420
140319
140117
139839
139637
139435
139233
138837
138534
138332
138231
138130
137936
137633
137532
137431
137229
137128
137027
136833
136732
136631
136227
136126
135932
135730
135629
135528
135225
135124
134829
134728
134627
134425
134324
134223
134021
133928
133827
133625
133019
132118
132017
131924
131823
131722
131621
131419
131217
130922
130821
130720
130619
130518
130417
130316
130114
130013
129937
129634
129533
129432
129331
129129
129028
128935
128632
128329
128127
128026
127933
127832
127731
127630
127327
127226
126931
126628
126426
126325
125525
125424
125222
124826
124624
124422
124220
123925
123824
123723
123521
123420
123117
122822
122620
122418
122317
121921
121820
121719
121618
121416
121315
120717
120515
120414
120212
120111
120010
119833
119732
119126
119025
118932
118831
118730
118528
118225
118124
118023
117930
117728
117324
117122
117021
116726
116524
116423
116221
116120
115825
115724
115320
115219
115017
114924
114823
114621
114419
114318
114217
114116
113922
113821
113619
113417
113316
113215
112920
112819
112516
112314
112112
111716
111514
111413
111312
111211
111009
110613
110411
110007
109830
109325
109123
108828
108525
108323
108222
108121
108020
107725
107422
107321
107220
107018
106824
106521
106319
106016
105923
105620
105216
105115
105014
104820
104416
104012
103818
103515
103414
103212
103111
103010
102816
102715
102614
102513
102311
102109
102008
101915
101410
101309
101107
101006
100610
100408
100307
100206