996782
995174
994273
993675
992774
992673
991267
984472
983773
979984
978578
973770
972566
971160
970764
969476
966975
965771
965367
962058
959574
958976
957974
955465
953764
952863
951457
947668
943862
942658
937160
933253
932554
930449
929464
927359
926862
923755
922854
919966
917558
917255
912447
911849
910443
910241
908860
907656
905147
904044
902242
901442
901139
901038
899885
898176
896879
896778
894774
894673
894067
891667
889579
888678
887373
886674
885975
884064
882161
880157
878877
878776
877269
877168
873968
872764
872562
872158
871964
871762
870861
869472
867468
865363
861456
859671
857263
856968
856766
856463
852455
849971
849264
845458
844961
843151
841349
837964
837560
835657
833249
833148
832651
828862
827052
826454
826353
825654
825553
825048
822244
820745
818859
818455
816653
815247
814649
814548
812746
810843
810439
809252
804646
803240
802844
800941
793465
792867
792766
792564
789373
788876
788674
786569
784565
783462
782561
782157
779370
774663
773257
771354
770352
769064
767464
766563
765864
765056
763557
761957
760551
759869
757764
756055
753251
753150
751550
751348
749361
749058
748662
748258
745555
744553
742549
737960
735148
734247
734045
733548
732243
731140
729557
729254
728454
727654
727553
725751
724446
723141
720337
715950
715647
715041
713239
709551
707749
706040
705341
704238
702133
701535
700634
698168
695768
694362
693764
693461
692964
690152
689470
688569
687163
686969
685058
683256
680957