680452
680250
679770
679568
677968
677766
675661
673455
672756
671855
668361
667056
665254
664757
663755
662551
660951
657659
656657
656253
654754
654552
654350
650746
647858
645551
645450
644246
644044
638049
635245
634748
633847
628248
627852
627549
626648
623844
623137
622236
620434
618952
617748
616645
615744
615441
614439
613538
613235
611938
611231
609143
604537
601127
599671
599469
599065
598568
597869
594156
592455
590047
589567
588565
587664
586460
585862
585256
584355
583858
581450
581349
580751
580650
580347
580044
579867
579665
578158
578057
576255
573451
573249
572045
571548
571144
570243
569965
568963
567961
567759
567052
566454
565452
562446
562345
561949
561444
561242
559457
559053
558960
558657
557857
555954
555651
555348
553344
552544
552241
550439
549757
548250
547046
545345
541943
541640
540436
536647
531940
531536
530635
529953
529549
525541
524135
523032
522434
521331
520228
519950
519647
518746
517239
516742
513736
513130
512835
510326
510225
506234
500222
499566
497865
495255
492754
486759
485757
481951
481042
480141
479762
475855
473952
469961
468050
467351
465852
463040
462139
461743
459453
456346
454140
453542
453441
449753
448347
445543
441939
436845
436239
433839
432332
429040
424939
422632
421226
419239
415837
414229
413934
412528
406836
406432
401422
397861
397760
397154
395958
395756
395251
394956
393550
393247
392750
392447
391748
390645
389357
387959
386250
385450
385046
382242
381543
381038
380036
379657
378857
378756
377451
376247
371843
368753
368551
366446
366042
365343
362034