192136
192035
191942
191841
191437
191336
191235
191033
190132
190031
189652
189450
189349
188751
188549
188448
188347
188145
187850
187547
187345
187143
186949
186848
186545
186444
186141
186040
185947
185846
185442
185341
185139
185038
183741
183337
183034
182840
182739
182436
182032
181636
181232
181131
180937
180836
180735
180533
180432
180230
180129
179952
179548
179346
179245
178950
178849
178748
178647
178243
178142
177746
177645
177342
177241
177140
176845
176744
176542
176441
176239
176037
175742
175540
175439
175338
175237
175136
175035
174841
174437
173940
173839
173738
173637
173536
173435
173334
173233
173132
172938
172635
172534
172433
172332
172130
172029
171734
171633
171532
171431
171330
171128
170934
170631
169949
169747
169545
169444
169343
169141
169040
168947
168745
168341
168240
168139
168038
167743
167440
167238
167036
166640
166438
165941
165840
165638
165436
165234
165032
164939
164636
164131
164030
163836
163432
163331
163129
162935
162733
162329
162228
162026
161832
161731
161630
161327
160931
160830
160729
160123
159946
159845
159744
159441
159340
159239
159138
158843
158540
158338
158136
158035
157942
157437
157336
156637
156536
156435
156334
156233
156031
155938
155635
155231
154936
154835
154734
154532
154431
154330
154229
153934
153833
153732
153631
153429
153227
153126
153025
152831
152427
152225
151930
151829
151728
151627
151526
151425
151324
151223
151021
150928
150726
150625
150524
150423
150019
149842
149741
149539
149337
149236
148941
148840
148436
148335
148133
148032
147737