361941
361234
360030
358144
356948
355845
355542
355239
353740
352738
352132
351938
350330
349244
348545
346945
346137
342129
341834
339847
336841
334635
333330
330324
329844
329440
325129
322224
321323
320826
318637
317332
316835
316633
314225
311320
310621
309636
308331
308129
307127
305830
304727
304020
303624
303119
300719
300618
299760
299154
298455
298051
297655
295146
293748
290136
289555
287248
286650
286347
285446
285345
284646
283543
281135
280941
280739
275645
274542
270332
268850
268749
263436
257946
257845
257542
256540
255740
255639
251833
250932
250427
249947
248339
248238
246133
245333
239944
239136
238033
237334
236130
233326
231928
228434
227533
227432
224022
223929
221319
221218
220721
219231
217429
217126
214726
214625
214524
214423
214221
214019
213522
213421
213017
212823
212419
212318
212217
212116
212015
211922
211821
211720
211619
211417
211316
211215
211114
210617
210415
210112
210011
209935
209834
209531
209329
209228
209127
208630
208428
208327
208226
208125
208024
207628
207426
207123
206929
206828
206727
206525
206323
206222
205826
205725
205220
205119
204622
204521
204420
204319
204218
204016
203923
203721
203418
202820
202719
202113
201818
201717
201515
201414
201111
200917
200614
200513
200311
200210
200109
200008
199958
199655
199453
199352
199251
199150
198855
198653
198451
198350
198249
198047
197651
197550
197449
197348
196952
196851
196750
196346
196144
195950
195849
195647
195445
195041
194847
194746
194645
194443
194140
193845
193441
193239
192843
192641
192540
192439
192237